gru/gru_cell/kernel:0
(1, 60)
[[-0.12529127 -0.39361733 -0.09589597 -0.01175455 -0.00468232  0.12035398
  -0.05088228  0.53106725 -0.3015023  -0.6429724  -0.31577533  0.0256038
  -0.6836853  -0.49308723 -0.03393026 -0.06452554 -0.8215947  -0.27613875
  -0.15388861  0.14897381  0.2589619  -0.17131594  0.05711466  0.11858603
   0.11073471 -0.16029747  0.29482383  0.04858241 -0.25545678 -0.03004023
   0.16741964 -0.0481702  -0.10950109 -0.25053838 -0.36760974 -0.16326585
  -0.16752501  0.00475863  0.00602269  0.01935536  0.21675643 -0.18120179
  -0.33662432  0.14278549  0.05602738 -0.21611519 -0.178908    0.11594164
   0.06296887  0.03424906 -0.30355263  0.0910921  -0.22836038 -0.09697492
   0.35155004 -0.2911569  -0.38706785  0.33569697 -0.00969867 -0.06018331]]
gru/gru_cell/recurrent_kernel:0
(20, 60)
[[-0.33761734 -0.13379371 -0.25619194 ... -0.04820482 -0.05211281
   0.07519083]
 [ 0.00504804  0.30523467  0.0104501  ... -0.00188508  0.09014159
  -0.18350674]
 [ 0.03045165  0.03566293  0.17492625 ... -0.00077947  0.1799371
   0.08831699]
 ...
 [-0.20259431 -0.28148773 -0.31676224 ...  0.19059579 -0.24591424
   0.22575201]
 [ 0.01044951 -0.00568021  0.04302469 ...  0.09077717 -0.15549514
  -0.02566737]
 [-0.17257102 -0.34841156 -0.15108433 ...  0.19792868  0.01820714
  -0.35319552]]
gru/gru_cell/bias:0
(2, 60)
[[-0.96164477 -0.5952826  -0.9335261   0.5450421  -0.11834835 -0.6555737
  -0.06001342  0.46542758 -0.9815875  -0.89294    -0.7708531  -0.30916074
  -1.1359422  -0.7807573  -0.86165535 -0.9875517  -1.4658959  -0.7486735
  -0.3005322  -0.07510345  0.00870846 -0.06488196 -0.06863687  0.0788496
  -0.02539416 -0.01809233 -0.00453659  0.00821331 -0.07343218 -0.15170544
  -0.10431731 -0.06272309  0.01748292 -0.06115726 -0.09782104 -0.03667502
  -0.05988992 -0.11448284 -0.03828336 -0.04893994 -0.03774216  0.02955353
   0.06179383 -0.02442754 -0.01134608  0.04136185  0.02502057 -0.02087513
  -0.01901367 -0.01011129  0.03893629 -0.02210859  0.03907798  0.01190371
  -0.05343843  0.0477906   0.06256404 -0.04815497  0.00523607  0.00864945]
 [-0.96164477 -0.5952826  -0.9335261   0.5450421  -0.11834835 -0.6555737
  -0.06001342  0.46542758 -0.9815875  -0.89294    -0.7708531  -0.30916074
  -1.1359422  -0.7807573  -0.86165535 -0.9875517  -1.4658959  -0.7486735
  -0.3005322  -0.07510345  0.00870846 -0.06488196 -0.06863687  0.0788496
  -0.02539416 -0.01809233 -0.00453659  0.00821331 -0.07343218 -0.15170544
  -0.10431731 -0.06272309  0.01748292 -0.06115726 -0.09782104 -0.03667502
  -0.05988992 -0.11448284 -0.03828336 -0.04893994 -0.03165989  0.03187434
   0.0544887  -0.02527519 -0.00787002  0.03980622  0.02042687 -0.01728552
  -0.01509749 -0.01020382  0.03485854 -0.01372314  0.03796592  0.00814278
  -0.0542643   0.04646169  0.06168677 -0.04279402  0.00884446  0.00592945]]
gru_1/gru_cell_1/kernel:0
(20, 60)
[[-0.14633588 -0.04767714 -0.0947157  ...  0.07498642 -0.16307127
   0.0640232 ]
 [-0.10094995  0.11148059  0.09918275 ... -0.03314813  0.13014925
   0.02228367]
 [-0.19582507 -0.05683115  0.16842891 ... -0.11408515  0.33708647
  -0.10322278]
 ...
 [ 0.1802238  -0.0211331  -0.43994474 ...  0.04697071 -0.01774109
  -0.22202529]
 [-0.22069316 -0.21574624  0.12916443 ...  0.21190229 -0.15604573
  -0.19469652]
 [ 0.17230372 -0.00670249 -0.06825171 ...  0.02394378  0.04523516
   0.03663658]]
gru_1/gru_cell_1/recurrent_kernel:0
(20, 60)
[[-0.11710137 -0.11716136 -0.1325915  ... -0.17344749 -0.10889249
  -0.09374043]
 [-0.17825791  0.0354361  -0.20289615 ... -0.13936687  0.15039149
  -0.02181939]
 [ 0.21451892  0.18657994  0.13800128 ... -0.05601856 -0.00970027
   0.01935574]
 ...
 [ 0.08453929 -0.01727646  0.20127513 ... -0.02494184 -0.10708655
  -0.08048957]
 [-0.06126089  0.09051361  0.22750607 ...  0.09841754 -0.2190513
  -0.19060923]
 [ 0.15015209  0.21608861  0.05610995 ... -0.08889244  0.07437141
   0.03661989]]
gru_1/gru_cell_1/bias:0
(2, 60)
[[-4.7197500e-01 -2.0012990e-01 -1.1606909e+00 -5.5364978e-01
  -1.3248751e+00 -9.0572250e-01 -1.0867171e+00 -6.6632015e-01
  -3.5099408e-01 -4.8096332e-01 -8.7452155e-01 -1.6541831e-01
   2.4360578e-01 -4.6398301e-02 -8.7294698e-01 -3.5806119e-02
  -1.0128211e+00 -3.8808876e-01 -1.5922961e+00 -8.9976138e-01
  -4.3150681e-01 -2.6546046e-01 -5.5491894e-02 -1.8375438e-01
  -7.0460245e-02 -9.6701294e-02 -1.5795857e-01 -3.3369359e-01
  -3.1209713e-01 -2.3681498e-01 -2.8465318e-02  6.4023549e-04
   1.0912842e-02 -1.3446152e-01 -1.8526135e-01 -2.2006465e-01
  -5.1538897e-01 -1.8950585e-01 -1.5276231e-01 -1.4731479e-01
   2.6704296e-03 -7.7436790e-03  3.6764485e-03 -3.0089237e-03
   3.8020713e-03  1.6966161e-04  5.4308460e-03  8.2342024e-04
   6.9938339e-03  9.1858553e-03  7.9135187e-03 -6.7813331e-03
   3.4737899e-03  7.1817869e-04 -4.9920222e-03  8.2178385e-04
  -2.3694437e-03  1.2709146e-03 -1.5397831e-03  2.2455244e-03]
 [-4.7197500e-01 -2.0012990e-01 -1.1606909e+00 -5.5364978e-01
  -1.3248751e+00 -9.0572250e-01 -1.0867171e+00 -6.6632015e-01
  -3.5099408e-01 -4.8096332e-01 -8.7452155e-01 -1.6541831e-01
   2.4360578e-01 -4.6398301e-02 -8.7294698e-01 -3.5806119e-02
  -1.0128211e+00 -3.8808876e-01 -1.5922961e+00 -8.9976138e-01
  -4.3150681e-01 -2.6546046e-01 -5.5491894e-02 -1.8375438e-01
  -7.0460245e-02 -9.6701294e-02 -1.5795857e-01 -3.3369359e-01
  -3.1209713e-01 -2.3681498e-01 -2.8465318e-02  6.4023549e-04
   1.0912842e-02 -1.3446152e-01 -1.8526135e-01 -2.2006465e-01
  -5.1538897e-01 -1.8950585e-01 -1.5276231e-01 -1.4731479e-01
  -1.6849610e-03 -8.4612024e-04  8.0836224e-05  6.4183009e-04
  -5.2036793e-04 -2.1078142e-04  1.3855975e-03 -2.5528178e-03
   1.3363131e-03  1.0932654e-02  3.2061925e-03 -6.9750962e-03
   5.1935487e-03  3.4334902e-03 -9.5035712e-04  2.5254772e-03
  -1.6269829e-03 -2.0901125e-03 -3.0694611e-03  1.0412943e-03]]
dense/kernel:0
(20, 1)
[[-0.29732785]
 [ 0.21812247]
 [-0.3067133 ]
 [-0.16844606]
 [-0.22502801]
 [ 0.16864318]
 [-0.26453045]
 [-0.31749365]
 [-0.19535795]
 [-0.17525163]
 [-0.27200422]
 [ 0.12431687]
 [ 0.17151742]
 [-0.19101766]
 [ 0.13958552]
 [-0.21321985]
 [ 0.25823557]
 [-0.3139995 ]
 [-0.31814978]
 [-0.36605817]]
dense/bias:0
(1,)
[0.24674177]
