gru/gru_cell/kernel:0
(1, 60)
[[-0.4400922  -0.07660388 -0.33092254 -1.3091941  -0.69045955 -0.6984853
  -1.1571119  -0.66697127 -0.74448687 -0.35255897 -0.67917204 -0.90436316
  -1.4040055  -0.9594615  -0.5273706  -0.76681334 -1.2465794  -0.96245885
  -0.16661854 -0.82185185  0.04529554 -0.05444007  0.07093709 -0.03148973
  -0.09994997 -0.18429975  0.16611877 -0.06796442 -0.3476182   0.23991738
   0.21120597 -0.13616395 -0.20869721 -0.38656467 -0.2627411  -0.12514786
  -0.08251707  0.08935593 -0.04967318 -0.13901433  0.26941776 -0.15506701
  -0.2693717   0.24568044  0.15414079 -0.25267288 -0.2518505   0.2071891
   0.16067734 -0.07432494 -0.23755202  0.2017619  -0.2809391  -0.1673724
   0.32120684 -0.26125053 -0.31438288  0.29167104  0.14402394 -0.17880087]]
gru/gru_cell/recurrent_kernel:0
(20, 60)
[[-0.52655804  0.05209554 -0.36408237 ... -0.11628958  0.07188486
   0.05695309]
 [ 0.08629317  0.03305725  0.04589277 ...  0.09415305  0.00268677
  -0.20393527]
 [ 0.18168992 -0.11625672  0.31763887 ...  0.1054576   0.0439011
   0.07803368]
 ...
 [-0.28036696 -0.14045236 -0.3771456  ...  0.05282404 -0.12767497
   0.19756003]
 [-0.1314135   0.11899388 -0.08892889 ... -0.12852028 -0.2962977
   0.08158349]
 [ 0.06959496 -0.15019944  0.29521862 ...  0.4551741  -0.326004
  -0.23762003]]
gru/gru_cell/bias:0
(2, 60)
[[-1.3424779  -0.02794832 -1.274673   -1.7923276  -1.639503   -1.8461872
  -2.1237128  -1.7296124  -1.6836404  -0.15383466 -1.2588668  -1.8079412
  -1.9599867  -1.3160262  -1.5515395  -1.8154778  -2.0236845  -1.6482177
  -0.8059815  -1.8695992  -0.10959711 -0.02027501 -0.12967134  0.01189551
  -0.13598366  0.04945717 -0.00458844 -0.02413399 -0.186567    0.01246044
  -0.1011599  -0.06447881  0.02937712 -0.15408291  0.01812039  0.02524342
   0.08683705  0.00573636 -0.16297533 -0.10463579 -0.05397701  0.02421041
   0.05008335 -0.03918908 -0.0308505   0.03809745  0.04342917 -0.03508111
  -0.02882178  0.01047674  0.04431366 -0.03373179  0.04576758  0.02770971
  -0.04886155  0.04258561  0.05443491 -0.04894363 -0.02066515  0.03253606]
 [-1.3424779  -0.02794832 -1.274673   -1.7923276  -1.639503   -1.8461872
  -2.1237128  -1.7296124  -1.6836404  -0.15383466 -1.2588668  -1.8079412
  -1.9599867  -1.3160262  -1.5515395  -1.8154778  -2.0236845  -1.6482177
  -0.8059815  -1.8695992  -0.10959711 -0.02027501 -0.12967134  0.01189551
  -0.13598366  0.04945717 -0.00458844 -0.02413399 -0.186567    0.01246044
  -0.1011599  -0.06447881  0.02937712 -0.15408291  0.01812039  0.02524342
   0.08683705  0.00573636 -0.16297533 -0.10463579 -0.04146695  0.02731808
   0.04267392 -0.03747122 -0.02673782  0.03909454  0.03475098 -0.03060125
  -0.03134162  0.01024021  0.03802722 -0.02910818  0.04549336  0.02821304
  -0.04571688  0.04192058  0.05114054 -0.04615265 -0.02487027  0.02867695]]
gru_1/gru_cell_1/kernel:0
(20, 60)
[[-0.23244777 -0.26914254 -0.14981338 ...  0.23795944 -0.08991008
   0.0874983 ]
 [-0.17156075  0.1409889  -0.04682437 ... -0.13916808  0.12193123
  -0.03960623]
 [-0.43908885 -0.36569223  0.20101167 ... -0.2741189   0.188172
  -0.10456367]
 ...
 [ 0.27337414  0.00709692 -0.11135696 ...  0.19089866  0.11096611
  -0.15831226]
 [-0.10353622 -0.05697697 -0.00737151 ...  0.29244962 -0.16017137
  -0.21966408]
 [ 0.182622   -0.09949548  0.08164497 ... -0.12169539  0.0525142
   0.12525289]]
gru_1/gru_cell_1/recurrent_kernel:0
(20, 60)
[[-1.23208746e-01 -1.66122406e-03 -4.27846640e-01 ... -1.64241344e-01
  -6.09909296e-02  3.85589302e-02]
 [-2.36852214e-01 -2.18549833e-01  8.79209414e-02 ... -1.14268176e-01
   1.32493526e-01 -1.83287323e-01]
 [ 1.57860205e-01  1.66419148e-01  1.03688054e-02 ...  1.14234490e-03
   4.60480936e-02 -1.21414639e-01]
 ...
 [ 9.75875184e-02  6.65915012e-02 -1.92183200e-02 ...  1.11836299e-01
   1.82379633e-02  7.24837407e-02]
 [-9.67041254e-02  1.52717486e-01 -8.38512927e-02 ... -2.01463758e-04
  -4.97491479e-01 -2.68101126e-01]
 [ 1.57685831e-01  2.21687093e-01  9.24568996e-02 ...  6.49846997e-03
   1.26948625e-01 -5.42676896e-02]]
gru_1/gru_cell_1/bias:0
(2, 60)
[[-1.1723514e-01 -1.3609809e-01 -1.9444585e-01 -1.2605840e-01
  -2.2539397e-01 -1.4588122e-02  3.0388862e-02 -1.4076306e-01
   2.2760028e-01  4.4307496e-02  3.0316952e-01 -1.7005953e-01
   3.9592934e-01 -1.7978026e-01 -1.3673963e-01  2.9078072e-01
   2.2451371e-02  8.2004227e-02  1.9601613e-01 -1.8205737e-01
  -2.0200406e-01 -4.5480169e-02 -1.4540443e-01 -4.3520626e-01
  -2.5817567e-01 -7.4115795e-01 -1.4299361e-01 -4.7202736e-01
  -1.6073400e-01 -2.1566506e-01 -3.1577379e-01 -2.7749887e-01
  -1.5791905e-01 -2.8825378e-01 -1.3434142e-01 -7.1943559e-02
  -1.8083097e-01 -1.7792688e-01 -1.9801836e-01 -4.2449862e-01
  -7.7105961e-03  4.8756097e-03  5.6749415e-03  7.9233646e-03
  -6.1792373e-03 -5.5612135e-03 -2.9450636e-03 -9.7375698e-03
   5.9612463e-03 -3.8706702e-03  6.3814651e-03  7.9051731e-03
   6.1143730e-03 -9.7570578e-03 -1.2700101e-02  7.2992183e-03
   1.1632078e-02 -5.7939882e-03 -1.2580238e-03  2.1155155e-03]
 [-1.1723514e-01 -1.3609809e-01 -1.9444585e-01 -1.2605840e-01
  -2.2539397e-01 -1.4588122e-02  3.0388862e-02 -1.4076306e-01
   2.2760028e-01  4.4307496e-02  3.0316952e-01 -1.7005953e-01
   3.9592934e-01 -1.7978026e-01 -1.3673963e-01  2.9078072e-01
   2.2451371e-02  8.2004227e-02  1.9601613e-01 -1.8205737e-01
  -2.0200406e-01 -4.5480169e-02 -1.4540443e-01 -4.3520626e-01
  -2.5817567e-01 -7.4115795e-01 -1.4299361e-01 -4.7202736e-01
  -1.6073400e-01 -2.1566506e-01 -3.1577379e-01 -2.7749887e-01
  -1.5791905e-01 -2.8825378e-01 -1.3434142e-01 -7.1943559e-02
  -1.8083097e-01 -1.7792688e-01 -1.9801836e-01 -4.2449862e-01
  -7.2402245e-04  3.3949630e-03  1.4392923e-03  9.6246488e-03
  -3.1242575e-03 -5.6961533e-03  1.2553962e-03 -9.8194852e-03
   2.4831644e-03 -2.1171602e-03  3.7907821e-03  5.4276027e-03
   2.0307314e-03 -7.1043088e-03 -1.0164472e-02  4.6812799e-03
   1.3579432e-02 -6.8738307e-03  5.7984347e-04  1.3983194e-03]]
gru_2/gru_cell_2/kernel:0
(20, 60)
[[-0.28288743  0.19163166 -0.25120616 ...  0.02571005  0.09534588
   0.210713  ]
 [-0.03977621 -0.04019306 -0.12533215 ... -0.03542582  0.12062456
   0.04827167]
 [ 0.16038582 -0.3100901   0.22176279 ...  0.09006038  0.00128935
  -0.1553023 ]
 ...
 [ 0.18165576  0.24052948  0.05778217 ... -0.12176134 -0.04005649
   0.26790872]
 [ 0.26386628 -0.06598451  0.00660695 ... -0.06942596 -0.10392979
   0.01665971]
 [-0.20219965  0.03291707 -0.03175759 ... -0.02530218  0.0755327
   0.00584133]]
gru_2/gru_cell_2/recurrent_kernel:0
(20, 60)
[[-0.00421152  0.14288723  0.0468181  ... -0.14745764 -0.00645608
   0.03107018]
 [-0.0972288  -0.10090952  0.08711575 ... -0.04485642 -0.13838288
  -0.10055313]
 [-0.03970396  0.07105269  0.11394942 ...  0.01564844 -0.19192879
   0.09711155]
 ...
 [-0.1959535  -0.08408212  0.09470897 ... -0.05555797  0.16905051
   0.06932964]
 [-0.22607855 -0.08739136 -0.38522887 ... -0.05058717  0.12694189
   0.09111767]
 [ 0.01096197  0.00403385 -0.06178345 ... -0.04333527 -0.01134149
  -0.00331555]]
gru_2/gru_cell_2/bias:0
(2, 60)
[[-0.04259339 -0.11947066 -0.3622521   0.13887942 -0.20117053  0.07021146
   0.08168677  0.02240035 -0.18928161  0.12493984  0.17545706 -0.02352729
   0.06000792  0.1002395   0.24139582 -0.09334493  0.02764368 -0.11344477
   0.21684913 -0.03832024 -0.3833763  -0.46163976 -0.31725448 -0.14081964
  -0.44060135 -0.26717684 -0.12933208 -0.34242567 -0.23968278 -0.11233032
  -0.22952679 -0.28850314 -0.13605784 -0.3119662  -0.29612345 -0.27647263
   0.00425989 -0.06643859 -0.15046673 -0.3569313   0.00801092  0.00575445
  -0.0075988  -0.00807482 -0.00396643 -0.00602653 -0.00511303 -0.00777169
  -0.01211826  0.00429169 -0.00567836 -0.0119001   0.0058722  -0.00619173
  -0.00598048  0.00388894 -0.00612652  0.00756658  0.00701084  0.00655114]
 [-0.04259339 -0.11947066 -0.3622521   0.13887942 -0.20117053  0.07021146
   0.08168677  0.02240035 -0.18928161  0.12493984  0.17545706 -0.02352729
   0.06000792  0.1002395   0.24139582 -0.09334493  0.02764368 -0.11344477
   0.21684913 -0.03832024 -0.3833763  -0.46163976 -0.31725448 -0.14081964
  -0.44060135 -0.26717684 -0.12933208 -0.34242567 -0.23968278 -0.11233032
  -0.22952679 -0.28850314 -0.13605784 -0.3119662  -0.29612345 -0.27647263
   0.00425989 -0.06643859 -0.15046673 -0.3569313   0.01287179  0.00361158
  -0.01052028 -0.01044978 -0.00530286 -0.012516   -0.00742897 -0.00380506
  -0.00989474  0.0073483  -0.00734513 -0.01079674  0.00797399 -0.00890546
  -0.01134056  0.00918342 -0.01068038  0.00848262  0.00429879  0.00268485]]
dense/kernel:0
(20, 1)
[[ 0.18058494]
 [ 0.26552138]
 [-0.1886755 ]
 [-0.17022225]
 [-0.18631059]
 [-0.27588746]
 [-0.2705527 ]
 [-0.2606595 ]
 [-0.14328782]
 [ 0.31108046]
 [-0.2615272 ]
 [-0.17095375]
 [ 0.16742808]
 [-0.31939167]
 [-0.15031655]
 [ 0.31220934]
 [-0.32836676]
 [ 0.25754187]
 [ 0.16426902]
 [ 0.20756692]]
dense/bias:0
(1,)
[0.24668668]
