gru/gru_cell/kernel:0
(1, 60)
[[-1.6772383  -2.410608   -3.23228     0.08104046  1.5925069  -3.0817003
  -0.08002391  4.1877804  -1.3105283  -2.0699472  -3.3100855  -1.0750452
  -1.0594786  -2.5106535   2.872043   -1.5454481  -1.4763643  -3.3579903
  -1.908536   -3.062574    1.996019    0.64168316  2.0651686   2.388143
  -0.41190937  2.8121653   1.4426634  -0.09311932  0.5826476   3.6981065
   1.4942287   0.6854124   0.42093742  0.31160784 -0.09833606  0.58021593
   2.6267383   2.4160824   0.8428352   1.3122561   1.3920385   2.1481965
   0.32451552 -0.70822346 -0.3053836   0.6098209   0.4448971  -0.18141377
   0.46888798  1.25619    -0.18005918  0.4330751   0.2192134   0.27086437
   0.18682452  0.41776404  1.1881614   1.3538182   0.75580597  0.32665434]]
gru/gru_cell/recurrent_kernel:0
(20, 60)
[[-0.57553816 -0.19617198  0.21668111 ...  0.16554461  0.419918
   0.24982214]
 [-0.4606851  -0.03021511  0.02228845 ...  0.25011423  0.47764835
   0.07950711]
 [-0.3025518  -0.2048397  -0.5452249  ...  0.37369207  0.5189305
   0.44103035]
 ...
 [-0.22949553 -0.26567656 -0.82798105 ...  0.6286075   0.12474721
   0.53996974]
 [-0.47603425 -0.37390867  0.29230493 ...  0.09396147  0.5166318
   0.15977032]
 [-0.27813953 -0.25022715 -0.76076305 ...  0.59008324  0.1485067
   0.2525336 ]]
gru/gru_cell/bias:0
(2, 60)
[[-2.5065606  -2.6221132   0.73694676 -1.8963238  -0.02491269  0.8482069
  -2.113306    0.559104   -2.6081471  -2.6158972   0.84447384 -2.7118187
  -2.5821974  -2.2899814   0.10756332 -2.3498595  -2.4216847   0.5320784
  -2.7691538   0.9222975  -0.0335565   0.32669136 -0.18954454 -0.3164133
   0.17986824 -0.3109911   0.03299666  0.12656946  0.12345749 -0.1973557
  -0.2787578   0.8153261   0.31067437  0.36612836  0.03290211  0.48898324
  -0.16256806 -0.25096244  0.80513746 -0.24100873 -0.31792146 -0.05333136
  -0.67822796  0.6844539   0.15245211 -1.0163312   0.0692561  -0.1132201
   0.24983954 -0.72603357 -0.6064898   0.42041147  0.34843224  0.30834782
  -0.14620112  0.5284905  -0.49014106 -0.6973215   0.65863675 -0.44426578]
 [-2.5065603  -2.6221132   0.736947   -1.8963238  -0.0249127   0.848207
  -2.113306    0.55910414 -2.6081474  -2.6158972   0.84447384 -2.7118187
  -2.5821977  -2.2899816   0.10756323 -2.3498597  -2.4216847   0.53207844
  -2.7691536   0.9222973  -0.03355658  0.32669136 -0.18954456 -0.31641346
   0.1798682  -0.3109911   0.0329966   0.12656951  0.12345754 -0.19735573
  -0.27875787  0.81532615  0.3106744   0.3661282   0.03290213  0.48898327
  -0.16256814 -0.2509624   0.80513746 -0.2410087   0.7149981  -0.08339242
  -0.28379527 -0.05740219  0.0956036  -0.1557112   0.39410397 -0.05526865
   0.34540364  0.322576   -0.32560098  0.59025705  0.39366898  0.42956993
  -0.0330191   0.67721665  0.41023993 -0.14652501  0.8553397  -0.2075306 ]]
gru_1/gru_cell_1/kernel:0
(20, 60)
[[ 0.06714649  0.14599063 -0.5018173  ... -0.14643802 -0.43388152
  -0.18536943]
 [-0.46004304 -0.18804309 -0.44081467 ... -0.41963184 -0.30180505
  -0.35398626]
 [ 0.05263828  0.61807793 -0.25708395 ... -0.49056938 -0.03936071
  -0.49476203]
 ...
 [-0.29649743  0.13582574 -0.17654444 ... -0.17696549 -0.27291468
  -0.5434458 ]
 [-0.19315052 -0.20160654  0.07608517 ... -0.00186338 -0.33185172
  -0.43018657]
 [-0.01481054 -0.07706071 -0.44427675 ... -0.29604235 -0.156461
  -0.22906004]]
gru_1/gru_cell_1/recurrent_kernel:0
(20, 60)
[[-0.00784582  0.09874468 -0.22519194 ... -0.17193757 -0.06711369
  -0.05138828]
 [ 0.08446573 -0.04759256  0.22061947 ... -0.39168975 -0.13501458
  -0.28677413]
 [ 0.42141417  0.44540167  0.13123196 ... -0.09344734 -0.05049134
  -0.04436031]
 ...
 [ 0.2461383   0.2110216   0.12405153 ...  0.0764965  -0.04638659
  -0.06096468]
 [ 0.04305793  0.26954523  0.13554092 ...  0.01138132 -0.13083483
  -0.18210183]
 [ 0.34451893  0.40864193  0.09151272 ... -0.14209947  0.07333858
   0.15932803]]
gru_1/gru_cell_1/bias:0
(2, 60)
[[ 0.5659945   0.18210882  0.5353691   0.42706338  0.5456909   0.04474545
   0.25174278  0.5366305   0.490087    0.62452453  0.35077837  0.30370447
   0.75592107  0.3681906   0.65957284  0.5123373   0.43195915  0.52756715
   0.5056588   0.43197793 -0.01606877  0.11603461  0.02009274  0.29777935
   0.00628303  0.16065046  0.0820329   0.03985867 -0.09337708  0.01282906
   0.00352201 -0.0368065   0.20016256  0.00998447 -0.2435933   0.02140372
   0.21392855  0.02078939  0.12308945  0.04529011 -0.13508043 -0.11338186
  -0.12050314 -0.27169228 -0.08608972  0.18377389 -0.1281619  -0.10087596
  -0.01080343 -0.08430515 -0.12449748  0.16682515 -0.15781237 -0.06066704
  -0.13163774 -0.09235959 -0.1734922  -0.14895189 -0.146331   -0.16372356]
 [ 0.5659944   0.18210882  0.53536904  0.42706332  0.54569095  0.04474547
   0.25174278  0.5366306   0.4900871   0.62452453  0.3507783   0.3037044
   0.75592095  0.36819047  0.65957284  0.5123374   0.4319592   0.5275673
   0.5056588   0.43197793 -0.01606878  0.11603464  0.02009274  0.29777935
   0.00628303  0.16065048  0.0820329   0.03985869 -0.09337707  0.01282905
   0.00352197 -0.03680651  0.20016256  0.00998445 -0.24359335  0.02140374
   0.21392857  0.02078941  0.12308943  0.0452901  -0.24756177 -0.4620975
  -0.21858767 -0.85782325 -0.19208464  0.2547202  -0.238565   -0.14246087
  -0.09171355 -0.10834288 -0.21130562  0.07688847 -0.40136477 -0.1232847
   0.06454555 -0.14572696 -0.6356245  -0.27840564 -0.22545868 -0.2777774 ]]
dense/kernel:0
(20, 1)
[[-3.26317906e-01]
 [ 1.89431384e-01]
 [-2.53083408e-01]
 [ 1.90362871e-01]
 [-1.31298572e-01]
 [-5.01522591e-05]
 [-2.12798953e-01]
 [-3.93143445e-01]
 [-1.14967965e-01]
 [-1.41638279e-01]
 [-2.20587566e-01]
 [ 4.70358500e-04]
 [ 1.74718529e-01]
 [-1.33458093e-01]
 [ 6.75984845e-02]
 [-1.95074692e-01]
 [ 2.56977707e-01]
 [-3.34950894e-01]
 [-2.60714054e-01]
 [-3.60403955e-01]]
dense/bias:0
(1,)
[0.29755697]
